1 3529.67
2 8106.67 0 3368.37 27 4379.44
3 6993.83 1 9811.29 28 3862.15
4 6000.0 2 6396.45 29 3073.46
5 6887.61 3 5999.19 30 3278.18
4 8065.32 31 3269.49
32 3467.94
8 4885.08 35 3588.79
9 6348.8 7 5600.0 36 3546.17
10 7833.6 8 9372.0 37 3223.88
11 6547.2 9 7708.8 38 3608.41
12 4310.84 10 7203.6 39 3412.9
13 36432.0 11 4149.47 40 3091.12
14 6766.67 12 31232.5 41 3431.78
15 8804.0 13 5757.14 42 3633.08
16 7474.44 14 6568.42 43 3066.68
17 6912.0 15 7388.33 44 3835.33
18 7952.0 16 6702.55 45 3708.41
19 5244.0 17 7206.5 46 3401.87
20 8010.6 18 8029.0 47 3386.36
19 8424.0 48 3601.12
22 5964.0 49 2948.79
21 6898.5 50 3717.76
24 4329.0 51 2892.2
25 7497.0 23 2764.8 52 3069.53
24 7762.5 53 3336.45
54 3192.71
28 10057.63 56 3398.01 1 4145.05
29 6257.94 27 8470.0 57 4342.98 2 4228.04
30 8840.0 28 6768.22 58 3713.92 3 3615.7
31 7678.35 29 7343.84 59 4906.08 4 3869.16
30 7236.7 60 4375.69 5 3743.18
33 6380.0 61 4165.75 6 2996.21
34 7486.36 32 8545.33 62 4309.39
33 7727.85 63 3225.25
36 5802.67 66 4476.8 7 3558.88
37 8120.0 35 5722.67 67 4339.23 8 3488.13
38 9240.0 36 8640.0 68 3172.38 9 3198.5
39 5916.0 37 6342.6 69 3668.62 10 3253.83
40 3809.68 38 6919.2 70 4773.15 11 3890.93
41 36960.0 39 4877.05 71 4468.84 12 3233.27
42 7945.14 40 32538.0 72 4542.1 13 3431.78
43 9510.95 41 6802.29 73 4435.91 14 3367.99
44 9425.0 42 10032.0 74 3794.03 15 3306.54
45 7403.36 43 7272.56 75 5062.43 16 3441.87
46 8131.2 44 5997.73 76 5032.04 17 3382.43
47 7000.6 45 7507.5 77 4837.13 18 4011.17
48 6205.0 46 7488.0 78 4061.6 19 4155.14
47 9520.0 79 4087.51 20 3512.52
50 5586.0 80 3587.57 21 2861.5
49 6860.0 81 2992.71 22 2894.3
52 3240.0 82 3952.49 23 2320.28
53 8383.5 51 3556.8 83 3954.03 24 3002.8
52 8085.0 84 4311.55 25 3088.6
85 5038.67 26 4450.37
56 3281.86 86 3625.31
57 8529.89 55 4135.81 87 4054.22 27 5635.36
58 8036.82 56 7260.0 88 3703.51 28 5105.86
59 6800.0 57 8327.1 89 2985.78 29 4555.8
60 6555.6 58 9360.0 90 3946.26 30 4392.1
59 7674.77 91 3246.92 31 3841.99
62 10608.89 92 4180.95 32 3480.66
63 6005.61 61 7964.44 93 4298.86 33 4425.64
64 7680.0 62 6501.31 94 3341.99 34 5714.25
65 9188.4 63 9161.45 95 3573.08
64 7326.0 96 4447.96
67 5510.0 98 4397.91 35 4055.69
68 8073.0 66 5200.25 99 4264.64 36 4226.52
69 6652.8 67 7308.0 100 3084.17 37 3606.63
70 6786.0 68 7410.0 101 4566.82 38 5761.33
71 3516.63 69 8409.6 102 2938.01 39 4425.64
72 37488.0 70 4292.0 103 3740.57 40 4282.87
73 7893.33 71 37432.5 104 4004.27 41 4640.88
74 7326.32 72 6483.43 105 3775.45 42 3761.1
75 7810.0 73 7503.16 106 4155.92 43 4055.69
76 7913.45 74 8855.0 107 3598.06 44 3970.94
77 8998.4 75 8736.0 108 4461.9 45 4316.02
78 7815.5 76 6409.0 109 3645.64 46 4377.68
79 8330.0 77 8307.0 110 4147.68 47 4795.69
78 6441.6 111 4125.12 48 3757.18
81 6899.1 112 2911.14 49 2575.69
80 4770.2 113 3415.73 50 4683.26
83 3298.75 114 3493.36 51 3771.05
84 9817.5 82 4054.05 115 4054.98 52 2808.29
83 7492.5 116 3518.96 53 4783.43
118 3296.87 54 4837.13
87 3867.91 121 3656.93 55 4410.52
88 8903.23 86 3633.49 122 2982.28 56 4075.55
89 9170.47 87 8933.33 123 3045.21 57 3096.68
90 7175.76 88 6779.44 124 3339.91 58 4466.73
91 9126.97 89 7014.14 125 4666.05 59 4343.13
90 8053.21 126 4130.37 60 3970.43
93 7791.33 127 3419.3 61 2803.79
94 7216.82 92 8040.0 128 3602.42 62 4495.17
95 6861.82 93 5921.5 129 4094.88 63 4526.59
96 6615.0 94 7254.55 130 3194.05 64 3539.29
97 10032.0 95 9157.5 131 3487.26 65 3147.01
98 2706.29 96 9330.75 132 3725.77
99 5250.0 97 2747.25 133 3634.6 66 3604.27
100 10608.0 98 7373.33 134 2950.05 67 3810.43
101 7656.0 99 7142.4 135 3129.07 68 4348.82
102 7813.1 100 7495.8 136 3309.21 69 3226.35
103 4362.11 101 10164.0 137 2675.49 70 3896.3
104 35836.0 102 3015.16 138 3265.12 71 3548.82
105 7266.29 103 42315.0 139 3521.02 72 3981.04
106 7844.21 104 9714.29 140 3619.72 73 4469.29
107 7466.67 105 7444.21 141 4556.28 74 3366.82
108 5727.27 106 7509.33 142 3798.84 75 4050.71
109 8167.5 107 7433.64 143 3322.05 76 3287.2
110 8200.8 108 6217.6 144 3287.44 77 3744.17
111 7145.6 109 6834.0 145 3656.93 78 3927.96
110 6324.0 146 3036.28 79 2726.82
113 5561.4 147 2058.98 80 3356.3
112 6570.0 148 2708.84 81 4234.55
115 4562.25 149 3656.93 82 3238.1
116 8168.5 114 3619.2 150 3529.67 83 3551.47
117 5749.25 115 7688.0 151 2814.51 84 3216.11
118 6246.15 116 7239.17 152 3392.09
119 7163.0 117 5088.46 153 3156.28 85 3903.7
120 4775.11 118 8197.2 154 3845.95
119 3346.28 155 3521.02
122 3376.28 86 3481.12
123 8400.0 121 2860.65 87 3653.02
124 6008.79 122 9695.48 88 3243.95
125 7480.0 123 5910.28 89 3918.56
126 7782.11 124 7140.0 90 4850.23
125 6350.73 91 3619.72
128 8241.78 92 3352.33
129 8296.07 127 7888.0 156 4704.76 93 3729.53
130 7330.91 128 5736.45 157 3812.96 94 4997.21
131 6956.4 129 7397.73 158 3866.67 95 3392.09
132 10595.88 130 8985.6 159 4766.67 96 3348.84
133 2777.14 131 7960.5 160 4167.78 97 3384.42
134 6413.33 132 2747.93 161 4770.79 98 4005.21
135 7776.0 133 6703.83 162 3726.67 99 3921.63
136 7000.4 134 8639.4 163 3944.44 100 4048.37
137 6801.9 135 8080.8 164 4545.71 101 3494.88
138 3550.32 136 5728.8 165 3982.86 102 3656.93
139 36037.5 137 2848.42 166 3680.0 103 3844.19
140 7643.43 138 38400.0 167 3792.59 104 3841.12
141 9361.58 139 8140.0 168 3756.19 105 3140.37
142 8064.0 140 8704.0 169 3513.33 106 3767.44
143 6824.73 141 9998.22 170 4222.22 107 3907.81
144 8547.0 142 7603.45 171 3700.0 108 3352.33
145 7782.4 143 9906.6 172 3464.13 109 3088.47
146 8029.0 144 8761.6 173 4146.46 110 3275.91
145 6444.9 174 4989.52 111 3750.7
148 6817.2 175 4281.48 112 2385.21
147 6778.2 176 3266.67 113 3308.65
150 3927.0 177 3799.37 114 2566.33
151 8806.88 149 3281.35 178 3977.46 115 3537.21
152 5655.0 150 10693.0 179 3485.71 116 4442.37
153 6580.31 151 7293.0 180 4622.22 117 4152.56
154 9309.2 152 6193.85 181 4952.38 118 4469.58
155 4488.0 153 8863.8 182 4463.49 119 3795.35
154 4896.0 183 3626.67 120 4295.44
157 7664.3 185 3282.63 128 3569.1
158 8345.45 156 7771.96 186 3289.26 129 3936.51
159 7398.4 157 5410.91 187 5210.53 130 5612.7
160 9222.5 158 8078.4 188 2933.58 131 4402.12
161 2125.71 159 9424.0 189 3622.11 132 3700.95
162 5740.0 160 3259.29 190 3772.21 133 3338.84
163 6679.2 161 6720.0 191 3718.74 134 4029.63
164 6552.0 162 6820.0 192 3528.0 135 3892.49
165 6133.6 163 7095.0 193 3760.11 136 3711.64
166 3112.42 164 9150.4 194 4101.26 137 4052.38
167 32550.0 165 3799.84 195 4009.26 138 4182.01
168 8571.43 166 31050.0 196 3819.79 139 4009.31
169 10025.05 167 6476.67 197 3393.68 140 3918.1
170 8960.0 168 8185.26 198 4466.0 141 4096.19
171 9120.0 169 8096.0 199 4454.21 142 3669.84
172 6324.0 170 6425.45 200 5082.11 143 3833.33
173 7412.4 171 7105.0 201 4320.0 144 4060.21
174 7833.6 172 8892.0 202 3946.11 145 4925.56
173 7799.6 203 4611.37 146 3684.23
176 4498.2 204 4303.68 147 3691.43
175 9430.2 205 3817.89 148 2962.96
178 4456.65 206 3289.26 149 4129.05
179 8556.0 177 3095.75 207 4299.79 150 4182.54
180 5533.5 178 9945.0 208 3737.95 151 3934.92
181 5999.69 179 6411.83 209 4158.0 152 3547.51
182 8486.4 180 6369.23 210 3486.32 153 4209.52
183 4788.33 181 6642.9 211 4198.11 154 4605.71
182 4172.78 212 3660.63 155 3799.37
185 9183.33 213 3491.05
186 8047.85 184 9802.0 214 3205.71 156 4006.74
187 7150.91 185 7019.63 215 4053.33 157 3688.42
188 6745.6 186 6511.82 216 4085.71 158 4809.32
189 11700.0 187 8932.0 217 3733.71 159 3858.53
190 2708.57 188 11310.0 218 3725.81 160 4241.05
191 6633.0 189 3133.93 219 4021.71 161 4260.0
192 8197.2 190 7093.33 220 4165.71 162 3183.16
193 7806.4 191 7459.2 221 3850.0 163 4409.26
194 6223.8 192 6652.8 222 4070.67 164 4310.53
195 3928.84 193 6313.5 223 3634.0 165 3872.84
196 32130.0 194 4595.16 224 3228.76 166 3355.58
197 7405.71 195 37488.0 225 3008.62 167 5057.68
198 9276.63 196 8223.43 226 4538.29 168 3858.53
199 8470.0 197 8263.89 227 3691.43 169 2930.53
200 7418.18 198 8187.67 228 3688.19 170 4650.0
201 7752.0 199 6330.18 229 3771.67 171 3435.79
202 9781.2 200 9154.2 230 3439.24 172 4335.16
203 8221.2 201 9360.0 231 3751.0 173 4069.42
202 6534.8 232 3937.52 174 3855.79
205 8985.6 233 4588.57 175 4464.0
204 9472.0 234 3678.86 176 3201.58
207 4354.35 235 3424.76 177 4522.74
208 8649.0 206 3273.6 236 2971.57 178 4042.11
209 6873.0 207 10171.88 237 3686.57 179 4665.16
210 5686.15 208 6300.0 238 3611.43 180 4836.0
211 6342.6 209 7110.0 239 3402.67 181 4560.0
212 5047.22 210 7497.6 240 3625.14 182 4948.26
211 3795.0 241 4031.24 183 3499.74
214 8328.67 248 3111.0 184 3805.71
215 7654.77 213 8987.33 249 4148.18 185 3401.14
216 8577.27 214 7016.07 250 3800.73 186 3600.0
217 6944.0 215 8568.0 251 4197.82 187 4017.14
218 8137.5 216 7881.0 252 2697.0 188 3834.29
219 2548.93 217 11583.0 253 3888.36 189 3821.71
220 6615.0 218 2524.5 254 3848.73 190 3205.71
221 7387.6 219 5397.33 255 3271.91 191 3276.0
222 7829.2 220 6243.6 256 3092.73 192 3941.67
223 5997.6 221 6027.0 257 3619.64 193 3600.0
224 4073.68 222 7970.4 258 3146.82 194 3778.57
225 34120.5 223 3939.16 259 3664.77 195 3268.57
226 6128.57 224 38456.0 260 2932.36 196 3221.43
227 7221.79 225 8624.57 261 3002.82 197 3805.71
228 10296.0 226 8289.47 262 4015.91 198 3814.48
229 7200.0 227 9728.0 263 3853.05 199 4308.57
230 7836.8 228 6991.64 264 2926.36 200 4128.14
231 8353.8 229 8547.0 265 3855.27 201 3469.71
232 6144.0 230 6986.1 266 3496.5 202 3555.43
231 9679.8 267 4140.0 203 3312.57
234 7076.0 268 2883.0 204 3215.14
233 7592.2 269 3550.91 205 3684.57
236 4697.55 270 3060.0 206 3885.71
237 9660.0 235 3360.0 271 3627.27 207 3833.9
238 6479.0 236 12387.38 272 3648.0 208 3117.71
239 4568.62 237 6851.0 273 3622.5 209 4375.43
240 7548.0 238 5316.92 274 3315.0 210 3590.1
241 4377.33 239 8146.8 275 3002.18 211 3702.29
240 3720.0 276 3289.09 212 3604.1
243 4190.23
244 9806.45 242 3472.74
245 5724.11 243 7209.46
246 6813.74 244 8923.36
247 7969.72 245 6723.23
246 6737.61
249 9335.33 213 3290.18
250 7771.96 248 8435.44 214 3120.0
251 7461.45 249 6518.69 277 4800.0 215 3145.09
252 5760.0 250 6021.82 278 4670.71 216 3802.5
253 8563.75 251 8295.0 279 4804.41 217 3336.73
254 2691.0 252 12870.0 280 4698.35 218 3648.0
255 7462.0 253 2673.0 281 4058.82 219 3551.41
256 6133.6 254 7620.67 282 4574.12 220 3240.91
257 7631.4 255 5380.2 283 4816.0 221 2880.0
258 5252.1 256 6274.4 284 3896.47 222 3763.64
259 4310.53 257 6863.4 285 5326.94 223 3188.64
260 38324.0 258 3209.68 286 5530.82 224 3287.45
261 7693.71 259 31980.0 287 5074.41 225 3562.91
262 8031.16 260 6778.67 288 3785.29 226 4389.0
263 8580.0 261 7890.32 289 4239.12 227 3366.0
264 8640.0 262 8602.0 290 5200.0 228 4158.82
265 9551.1 263 6528.0 291 4991.41 229 3811.5
266 7163.0 264 7616.0 292 4595.29 230 3450.86
267 8624.0 265 7560.3 293 3705.88 231 2823.55
266 8486.4 294 4324.41 232 2976.0
269 9656.0 295 5256.0 233 3272.73
268 6936.0 296 4551.53 234 3145.09
271 3769.6 297 4410.35 235 3552.0
272 8997.25 270 4277.2 298 4212.35 236 3783.27
273 7227.0 271 9116.25 299 3868.94 237 3315.0
274 6574.62 272 7967.33 300 5074.59 238 2945.45
275 8626.5 273 5150.77 301 4710.59 239 3393.0
276 3881.33 274 7539.2 302 3945.88 240 3938.18
275 4859.56 303 4018.24 241 3829.09
278 7104.0 250 4712.0
279 6203.1 277 5501.09 304 3510.0 251 5027.65
280 9690.0 278 7371.0 305 3651.8 252 4272.53
281 3634.0 279 8835.0 306 4774.0 253 3384.47
282 6768.67 280 2564.57 307 3876.6 254 4128.0
283 6085.8 281 7175.0 308 4247.6 255 3983.06
284 6831.0 282 6930.0 309 3763.8 256 3882.94
285 9266.4 283 9085.0 310 3861.0 257 3835.59
286 4390.74 284 6665.0 311 3439.8 258 5574.71
287 29274.0 285 2831.68 312 4042.5 259 4264.0
288 7907.43 286 41748.0 313 4095.0 260 4109.65
289 8185.26 287 6345.24 314 4218.75 261 4896.0
290 7491.67 288 7100.63 315 4044.8 262 4992.0
291 7668.0 289 9438.0 316 3887.4 263 3971.65
292 7737.6 290 6417.0 317 4774.0 264 4449.41
293 6342.6 291 8398.0 318 3960.0 265 4096.0
294 8190.0 292 7917.0 319 3321.45 266 4796.94
293 6444.9 320 2921.75 267 4201.41
296 6956.4 321 3696.0 268 4783.06
295 7854.0 322 4368.0 269 4693.76
298 3891.2 323 4321.6 270 3829.41
299 9218.62 297 3534.3 324 3571.2 271 4134.71
300 5292.0 298 11326.62 325 4403.0 272 5328.0
301 5530.46 299 5893.33 326 4012.8 273 5543.53
302 8316.0 300 6048.0 327 3558.8 274 5082.0
303 3468.67 301 8421.4 328 3850.2 275 4286.12
302 4370.0 329 2829.0 276 4037.65
305 7752.0 330 3098.18 278 5214.0
306 8316.0 304 8639.4 331 2885.82 279 3769.6
307 2755.07 305 11079.75 332 3403.64 280 3712.5
308 5243.33 306 2800.29 333 2880.0 281 3937.5
309 8608.6 307 6097.0 334 3878.18 282 4140.0
310 6371.4 308 6451.2 335 3367.64 283 3574.2
311 8845.2 309 7859.7 336 2583.0 284 3410.0
312 4207.79 310 6527.4 337 2871.86 285 3679.2
313 38571.0 311 3404.21 338 2854.09 286 3780.0
314 7744.0 312 30745.0 339 3075.0 287 4471.2
315 8463.16 313 8520.0 340 3171.91 288 3968.25
316 8510.0 314 7234.53 341 2901.32 289 4415.95
317 5467.82 315 7774.11 342 3414.09 290 3993.6
318 7524.0 316 6720.0 343 4340.0 291 4533.75
319 6472.8 317 7860.8 344 4230.09 292 3920.0
320 6786.0 318 8051.2 345 3933.0 293 4336.2
319 7477.2 346 3120.0 294 3536.0
322 10077.6 347 3531.82 295 4050.15
321 9548.0 348 3784.82 296 4476.4
324 3255.0 349 3673.5 297 3526.4
325 8695.5 323 3861.0 350 3293.18 298 4029.3
326 6050.0 324 10023.12 351 3482.18 299 3685.5
327 5730.54 325 5340.83 352 3567.05 300 3220.8
328 7893.6 326 5150.23 353 3192.0 301 3726.0
329 3756.67 327 6745.2 354 3350.45 302 4411.8
328 3710.67 355 3462.55 303 4197.5
331 5766.0 366 3267.77 304 3545.27
332 8181.62 330 5958.2 367 4254.55 305 2970.36
333 3026.89 331 9490.25 368 4218.0 306 3683.18
334 6022.5 332 2684.57 369 3029.73 307 3420.0
335 5934.0 333 7770.0 370 3642.36 308 3975.14
336 8040.8 334 7341.6 371 3190.91 309 3293.18
337 7664.8 335 7691.6 372 3404.82 310 3964.36
338 4194.47 336 6978.2 373 3474.55 311 3600.0
339 31590.5 337 3126.79 374 2646.0 312 2571.82
340 6888.0 338 45990.0 375 3634.09 313 4088.0
341 7454.53 339 5504.0 376 3120.0 314 3036.0
342 7800.0 340 6452.11 377 3403.64 315 3978.0
343 7848.73 341 7917.0 378 4169.64 316 3464.18
344 7399.7 342 5760.0 379 3958.5 317 3301.5
345 6867.2 343 7440.0 380 2994.91 318 3780.0
346 7660.8 344 7142.4 381 3416.73 319 2615.27
345 6681.6 382 3613.5 320 3962.36
348 6944.0 383 3885.0 321 3472.0
347 8712.0 384 4200.0 322 4446.0
350 4188.8 387 3490.91 323 2578.64
351 11694.38 349 3236.4 388 2955.27 324 3730.91
352 6435.0 350 9520.0 389 3050.0 325 3105.64
353 5160.0 351 4872.17 390 3588.0 326 3482.18
354 6318.1 352 5208.0 391 3528.0 327 3190.91
355 4064.67 353 8243.2 392 3554.55 328 2817.82
354 4455.0 393 3588.55 329 3326.64
357 2885.16
358 10597.85 356 3156.28
359 8118.69 357 8400.0
360 6476.67 358 6405.7
361 6793.76 359 8133.33
362 8342.27 360 6587.89
363 7275.4 361 8468.04
364 8597.33 362 6902.3
365 8935.33 363 8228.0
366 6381.82 364 7105.79
367 8863.8 365 6039.0 330 3348.0
368 10454.75 366 7799.6 331 3402.95
369 2626.93 367 10799.25 332 4504.5
370 5865.0 368 2724.86 333 2817.82
371 6615.0 369 6762.0 334 3496.0
372 7438.2 370 6801.9 335 3746.86
373 6734.4 371 7350.0 336 3198.0
374 3398.68 372 5854.8 337 3632.73
375 37687.5 373 4001.26 394 7268.18 338 2766.27
376 7297.71 374 31567.5 395 6390.0 339 3073.64
377 9128.84 375 8323.81 396 7344.0 340 3330.55
378 7963.56 376 8391.16 397 7090.55 341 2615.27
379 6735.91 377 7384.89 398 8302.18 342 4200.73
380 9235.2 378 6681.82 399 5989.82 343 4002.73
381 7722.0 379 7467.9 400 8799.82 344 3444.41
382 7405.2 380 7467.9 401 7440.0 345 2929.5
381 7076.0 402 7418.18 346 3179.45
384 8680.0 403 6222.0 347 4500.0
385 8246.0 383 7772.0 404 7440.0 348 3718.5
386 6825.0 384 6124.8
385 6264.0
388 3997.4 405 7110.0 349 4421.82
389 8302.5 387 3267.0 406 6410.73 350 3290.18
390 5512.5 388 8190.0 407 7305.45 351 3634.91
391 6875.08 389 6118.0 408 6690.91 352 3421.64
392 7884.8 390 6018.92 409 6048.0 353 3658.91
393 3640.0 391 6864.0 410 6912.0 354 3101.09
392 4375.0 411 5980.0 355 3161.45
395 34500.0 412 3236.21 374 7828.36
396 7026.67 394 33540.0 413 3760.11 375 6653.27
397 6069.47 395 5166.0 414 3791.37 376 5927.73
398 10164.0 396 6669.47 415 3834.95 377 6781.09
399 6010.91 397 6380.0 416 3811.58 378 6425.45
400 5766.0 398 6676.36 417 3284.37 379 6594.55
401 7700.4 399 6902.0 418 3727.26 380 7956.0
402 8316.0 400 6429.4 419 3580.74 381 7127.27
401 6240.3 420 4237.47 382 6410.55
404 8146.8 421 4556.84 383 5672.73
403 7824.2 422 4955.05 384 5905.45
406 3837.6 423 3922.95 387 7344.0
407 8514.0 405 4065.6 424 3614.47 388 7392.0
408 6006.0 406 9540.62 425 3659.53 389 5484.45
409 6057.69 407 5845.83 426 4236.84 390 7800.0
410 7392.0 408 4846.15 427 4379.68 391 6429.55
411 3791.67 409 7200.0 428 3413.47 392 5755.91
410 3901.33 429 4001.26 393 6440.0
413 30750.0 431 1891.14 394 4416.63
414 6518.86 412 32175.0 432 2036.66 395 4176.32
415 7763.05 413 6875.9 433 1834.11 396 3410.53
416 10538.67 414 7860.95 434 1863.13 397 4405.26
417 5236.36 415 9017.56 435 1519.07 398 3759.16
418 7936.0 416 6388.36 436 1543.57 399 3596.0
419 6426.0 417 7925.4 437 2055.87 400 3287.63
420 8791.2 418 9679.8 438 1376.66 401 4633.68
419 8901.2 439 2144.55 402 3565.47
422 8320.0 440 2019.49 403 4299.79
421 7862.4 441 2199.54 404 3708.16
424 3591.6 442 1425.17 405 3370.63
425 8386.88 423 3543.75 443 1582.37 406 3036.16
426 5769.17 424 7308.25 444 2258.19 407 3558.95
427 7232.62 425 5604.33 445 1644.43 408 4592.0
428 8523.9 426 5931.69 446 1691.69 409 3890.53
429 4004.0 427 8611.2 447 1761.02 410 3928.84
428 3280.44 448 2251.04 411 4031.05
431 3462.11
432 42427.0 430 4115.79 412 1534.8
433 7149.71 431 44161.0 413 1669.49
434 7537.89 432 7136.76 414 1898.84
435 7330.56 433 9768.0 415 2019.49
436 8092.0 434 8933.33 416 1838.42
437 8302.8 435 7000.36 417 1817.38
438 7272.6 436 7072.0 418 1355.8
439 9401.0 437 7056.0 419 1857.08
438 8494.2 420 2338.19
441 7694.2 421 1424.13
440 9480.0 422 1970.81
443 3431.4 423 1643.81
444 8840.62 442 3467.25 424 1414.94
445 7513.33 443 9581.0 425 1657.59
446 5916.31 444 7475.0 426 1981.67
447 7515.2 445 6390.46 427 2050.95
448 3429.56 446 8351.2 428 1583.53
447 3708.22 429 1729.7
450 7238.71 487 3764.29
451 7777.57 449 10550.97 488 3181.71
452 10140.0 450 6692.52 489 3515.9
453 5378.07 451 6513.13 490 3788.57
454 9178.76 452 7738.35 491 4245.14
455 7154.87 453 7852.27 492 4073.52
456 10129.78 454 7640.35 493 3394.29
457 8203.74 455 8880.0 494 3513.33
458 8100.0 456 7807.29 495 3462.1
459 5660.8 457 8610.91 496 4220.86
460 9528.75 458 9360.0 497 3331.76
461 2580.75 459 9486.0 498 3594.29
462 5258.67 460 2657.14 499 3960.0
463 8547.0 461 5696.25 500 4574.48
464 6912.0 462 8029.0 501 3879.43
465 9154.2 463 6249.6 502 4433.0
466 5164.42 464 7956.0 503 3677.14
467 34560.0 465 3757.89 504 4083.81
468 7188.57 466 43758.0 505 3564.0
469 10468.42 467 7990.86 506 3017.14
470 10192.44 468 9052.0 507 3914.86
471 7232.73 469 10954.67 508 4145.14
472 6444.9 470 7752.0 509 3252.86
473 9235.2 471 7163.0 510 3364.57
474 8180.7 472 7638.4 511 3495.62
473 7398.4 512 3285.29
476 6588.8 513 4106.14
477 7430.4 475 7668.0 514 2996.67
478 7462.0 476 6293.0 515 2870.0
477 6288.55 516 4178.57
480 3363.75 518 3578.67
481 10836.0 479 3255.0 519 3881.33
482 4851.0 480 9828.0 520 3450.0
483 5005.15 481 5893.75 521 2747.9
484 8672.4 482 6396.92 522 2919.9
485 3868.44 483 7525.0 523 3017.14
484 3578.67 524 4220.86
487 3188.09 525 7700.4
488 7560.0 486 2805.58 526 6771.0 449 2967.14
489 6863.55 487 8726.67 450 3837.43
490 8141.41 488 6450.47 451 3922.29
491 5724.77 489 8640.0 452 3781.05
492 9337.73 490 7735.32 453 4477.0
493 6013.01 491 7529.48 454 3410.0
494 10902.67 492 8918.23 455 3255.0
495 7626.17 493 7161.0 456 3294.86
496 6357.27 494 7326.17 457 3231.43
497 7592.2 495 6898.91 458 3620.57
498 12240.0 496 7161.0 459 3914.86
499 3217.5 497 11756.25 460 4266.67
500 7460.67 498 2237.14 461 3846.86
501 8323.2 499 5445.0 462 3590.1
502 6732.0 500 8571.5 463 3061.62
503 5940.0 501 8302.8 464 3520.0
504 3626.53 502 8438.8 465 3653.57
505 35136.0 503 4700.95 466 3428.57
506 7057.14 504 44674.5 467 3488.57
507 6767.79 505 7150.0 468 3507.43
508 8320.0 506 8267.37 469 3277.14
509 8378.18 507 9425.0 470 4092.95
510 8307.0 508 7101.82 471 4011.43
511 6624.0 509 8658.0 472 2651.43
512 7293.0 510 6510.0 473 4401.43
511 7824.2 474 4593.29
514 8258.4 475 3799.71
515 8190.0 513 7340.8 476 3321.19
516 5890.91 514 6960.0 477 3116.0
517 6780.38 515 7236.0 478 3212.0
518 5027.42 516 8925.0
519 3159.05 517 7154.0 479 3312.0
520 10201.75 518 3946.8 480 2860.0
521 6118.0 519 10989.0 481 2970.0
522 5848.0 520 6382.5 482 3075.0
523 8485.4 521 6450.0 483 4035.86
524 3600.0 522 7207.2 484 3614.29
523 3900.0 485 3060.0
526 3393.67 527 7614.75 486 8848.0
525 3218.23 528 6417.0 487 7392.0
528 4491.07 525 7417.67
529 8090.32 527 3177.67 526 6577.17
530 6488.41 528 9333.33
531 8530.91 529 7785.05
532 6869.72 530 6447.37
533 9432.37 531 7768.81
534 5596.46 532 6235.05
535 8638.67 533 6559.65
536 6998.13 534 7706.67
537 6095.27 535 6071.03
538 7395.0 536 6132.36
539 12597.0 537 8633.6
540 2409.14 538 9975.0
541 5290.67 539 2936.14
542 7128.0 540 5821.75
543 8221.2 541 7238.4
544 8652.6 542 7222.4 566 9940.0
545 4326.95 543 10032.0 567 10080.0
546 40500.0 544 3715.11 568 8745.88
547 5948.95 545 34255.0 569 11032.12
548 8337.37 546 7250.29 570 11248.0
549 11197.33 547 8497.89 571 7540.0
550 7182.0 548 9017.56 572 9392.62
551 6545.3 549 8190.0 573 10276.5
552 8656.4 550 7684.9 574 9248.0
553 6745.6 551 6642.9 575 8540.5
552 6138.0 576 11116.88
555 7623.0 577 8184.0
556 7072.0 554 7539.2 578 7177.5
557 8029.09 555 8486.4
558 9145.5 556 6583.27
559 6426.0 557 11730.0
560 4025.0 558 5203.0
561 10144.75 559 3864.0
562 6840.0 560 10368.75
563 5021.54 561 6906.67
564 7392.0 562 6282.69
565 5793.33 563 7405.2
564 4652.89
567 7884.8 595 7672.5 543 9817.5
568 4187.37 566 8568.0 596 7167.2 544 12705.0
569 36828.0 567 3840.21 597 8556.0 545 8976.0
570 7153.33 568 31155.0 598 6742.5 546 9768.0
571 6474.11 569 6283.33 599 9424.8 547 11628.0
572 10075.0 570 8640.0 600 5766.0 548 7207.5
573 6594.55 571 10039.33 601 8892.0 549 8576.0
574 8751.6 572 7214.55 602 7493.6 550 11466.5
575 6451.2 573 8791.2 603 7592.2 551 11315.0
576 9126.0 574 6615.0 604 7392.0 552 12320.0
575 7168.0 605 9044.0 553 12762.75
578 8406.4 606 9061.3 554 8184.0
577 7833.6 607 5568.0 555 8960.0
580 2592.47
581 7820.0 579 3614.88
582 6196.26 580 5800.0
583 6933.33 581 7016.07
584 7662.39 582 8273.33
585 7136.39 583 7308.44
586 5953.1 584 7909.79
587 7825.78 585 6671.86
588 7734.95 586 8419.67
589 7031.82 587 7025.61
590 8256.3 588 8094.0
591 9855.0 589 6742.5
592 2962.5 590 8320.0
593 6240.0 591 3029.14
594 8527.2 592 6174.58
595 7296.0 593 7832.9
596 7344.0 594 6342.6 566 7854.0
597 3915.79 595 7383.4 567 9188.4
598 38083.5 596 3557.05 618 6493.09 568 8804.0
599 6138.0 597 42780.0 619 7488.0 569 7000.6
600 7413.89 598 6613.33 620 7012.73 570 9120.0
601 6692.56 599 7244.21 621 6720.0 571 9132.4
602 6528.0 600 8462.22 622 6578.18 572 8662.5
603 5753.6 601 7881.0 623 7572.73 573 7605.0
604 8946.6 602 6528.0 624 6169.09 574 7448.1
605 7516.8 603 7254.0 625 7992.0 575 8010.4
604 8352.0 626 6730.64 576 8078.4
607 7782.4 627 7605.0 577 9938.2
608 7368.9 606 7854.0 628 8116.36 578 8342.1
609 7356.36 607 7731.9 629 6464.91
610 8567.62 608 6429.09 630 6169.09
611 5040.0 609 9330.75 631 6510.0
612 3478.2 610 5768.58 632 5410.91
613 7327.62 611 3907.2 633 7124.36
614 6171.0 612 9828.0 634 7548.0
615 6752.31 613 4944.5 635 7035.0
616 6368.4 614 5544.23
617 3811.56 615 6745.6
616 4999.11
619 37520.0 654 6305.45 597 7164.55
620 7543.33 618 35685.0 655 7814.18 598 8341.82
621 8128.42 619 8297.14 656 6854.55 599 6882.0
622 6992.22 620 7635.79 657 5766.0 600 6736.36
623 5326.36 621 9119.56 658 5749.09 601 7839.0
624 7524.0 622 6673.45 659 8043.64 602 8168.73
625 8025.6 623 8599.4 660 5563.64 603 7900.36
626 7163.0 624 8316.0 661 7912.73 604 7572.73
625 6124.8 662 6515.64 605 5580.0
628 8103.0 663 6336.0 606 6583.27
629 8400.0 627 6348.8 664 6854.55 607 6828.18
630 7650.0 628 8952.8 665 7330.91 608 6021.82
631 10336.0 629 7710.55 666 7090.55 609 8330.91
632 4794.67 630 9765.0 667 7418.18 610 7094.45
633 3937.5 631 5373.33 668 7147.64 611 6936.0
634 8750.75 632 4692.6 669 9643.64 612 7146.18
635 7032.33 633 7536.38 670 6312.73 613 7121.45
634 5768.58 671 5498.18 614 8456.73
637 4446.88 675 3885.71
638 9314.52 636 3894.47 676 4180.0
639 8200.93 637 7253.33 677 2883.0
640 7530.3 638 6890.47 678 3758.38
641 9126.97 639 7040.0 679 4798.86
642 8580.62 640 5988.99 680 3372.29
643 7963.19 641 8805.15 681 2834.29
644 6944.0 642 7263.72 682 4144.76
645 9252.34 643 8468.0 683 3364.57
646 7513.64 644 5562.62 684 4111.24
647 9856.0 645 8736.0 685 4263.24
648 10368.75 646 9401.0 686 3988.19
649 2875.43 647 11250.0 687 3520.0
650 5100.0 648 3368.43 688 3253.52
651 8432.0 649 5802.67 689 4167.43
652 7914.3 650 7140.0 690 2828.19
653 7812.0 651 6246.4 691 3642.86
654 3897.47 652 8081.7 692 2953.86
655 37120.0 653 4050.53 693 3200.0 618 6390.0
656 6320.76 654 42180.0 694 4062.86 619 6923.64
657 7787.79 655 7555.05 695 3132.0 620 6351.0
658 9863.11 656 9856.0 696 3412.95 621 6330.18
659 6722.73 657 9537.78 697 3312.57 622 7848.73
660 8398.0 658 8424.0 698 3604.86 623 6016.82
661 7708.8 659 7888.0 699 3800.0 624 9161.45
662 7992.0 660 7467.9 700 4122.86 625 6480.0
661 8078.4 701 3877.95 626 5766.0
664 9796.0 702 4571.43 627 7144.09
665 7524.0 663 6956.4 703 4198.29 628 7170.91
666 6975.0 664 7128.0 704 3821.71 629 6828.18
667 8439.75 665 7034.18 705 3673.33 630 7814.18
668 6612.0 666 10944.0 706 3017.14 631 7959.27
669 4544.0 667 6324.0 707 3117.71 632 6480.0
670 9974.25 668 3309.25 708 3582.86 633 7121.45
671 6763.17 669 9974.25 709 4144.76 634 7435.64
672 5735.0 670 5285.5 710 4428.57 635 7194.82
673 7392.0 671 5692.08 711 3145.81
674 3700.0 672 6867.2 712 3469.71
673 3721.67 713 3702.29
676 4346.05 714 4305.63 636 3565.71
677 8478.28 675 4687.26 715 5090.53 637 3685.0
678 7326.17 676 9651.61 716 3516.63 638 3660.95
679 6516.36 677 7536.45 717 4253.53 639 3716.14
680 6935.78 678 9575.76 718 3668.21 640 3000.0
681 7232.27 679 6497.06 719 4446.84 641 3941.14
682 7730.97 680 8511.65 720 4767.16 642 3011.43
683 6833.78 681 6584.07 721 3610.89 643 3463.43
684 5805.42 682 8156.44 722 3501.47 644 3620.57
685 6271.91 683 8331.59 723 3972.63 645 3960.0
686 7888.0 684 7623.0 724 3113.68 646 3264.0
687 9573.75 685 8342.1 725 3792.89 647 4147.0
688 2497.5 686 8775.0 726 4620.0 648 3740.0
689 6691.75 687 2597.36 727 3716.74 649 3117.71
690 7840.8 688 6166.42 728 3312.11 650 4260.29
691 7326.0 689 7296.0 729 4645.11 651 3972.57
692 8160.0 690 9126.0 730 3890.53 652 3876.0
693 3536.84 691 8353.8 731 3483.42 653 3771.43
694 38148.0 692 3676.89 732 4626.95 654 3488.57
695 7667.81 693 37520.0 733 3536.84 655 3166.43
696 8272.11 694 8334.86 734 3779.37 656 4516.57
697 11154.0 695 9639.47 735 4556.84 657 4032.38
698 8727.27 696 9822.22 736 4292.0 658 3259.43
699 8177.0 697 6769.09 737 3789.47 659 3150.0
700 8652.6 698 9188.4 738 4122.58 660 3700.0
701 7340.8 699 6936.0 739 3553.58 661 4073.52
700 7517.4 740 4583.53 662 3225.9
703 9560.8 741 3661.26 663 3474.48
704 5846.4 702 7668.0 742 4092.63 664 3799.71
705 6840.0 703 8247.6 743 4352.0 665 3364.57
706 9573.75 704 7425.0 744 4184.05 666 4041.14
707 7480.0 705 7875.0 745 3814.11 667 2790.0
708 4499.2 706 6175.0 746 3968.0 668 4306.67
709 12000.0 707 4578.75 747 4122.95 669 3771.43
710 7163.0 708 9520.0 748 5155.79 670 3205.71
711 5723.08 709 5413.33 749 4774.0 671 3474.48
712 6774.4 710 5646.77 750 3571.58 672 3526.29
713 4165.0 711 8554.4 751 4072.89 673 3926.67
712 4023.11 752 4237.47 674 3346.29
715 3997.95 753 3571.2 675 3984.32
716 5800.0 714 3210.23 754 3069.0 676 4121.05
717 7204.49 715 6960.0 755 3907.2 677 3612.63
718 9832.73 716 8033.27 756 3785.1 678 4125.79
719 6768.81 717 9373.33 757 4651.2 679 4917.89
720 9721.86 718 6176.15 758 4187.6 680 4335.16
721 8235.58 719 8395.57 759 4340.0 681 4334.74
722 7026.67 720 7238.23 760 3910.5 682 4294.74
723 6964.49 721 10064.0 761 3988.2 683 4675.89
724 6090.0 722 7708.04 762 5105.1 684 4860.63
725 9547.2 723 6815.45 763 3989.7 685 4050.53
726 9424.0 724 8976.0 764 3919.5 686 3622.11
727 2192.14 725 9090.75 765 4864.0 687 4026.0
728 6987.75 726 3195.21 766 4440.0 688 3217.47
729 9395.1 727 6534.0 767 4297.6 689 4440.0
730 6825.0 728 7934.4 768 2876.8 690 3338.21
731 8424.0 729 6944.0 769 5148.0 691 3725.53
732 4171.26 730 9154.2 770 4184.7 692 4294.74
733 38016.0 731 5026.89 771 4241.25 693 3493.05
734 6235.43 732 49742.0 772 3513.6 694 4527.95
735 8872.21 733 7253.33 773 3648.2 695 4428.95
736 10261.33 734 6593.68 774 2979.1 696 3809.68
737 5312.27 735 7150.0 775 4621.5 697 3978.95
738 8147.2 736 8288.0 776 4761.9 698 4380.63
739 5753.6 737 8180.7 777 4200.0 699 3671.05
740 7980.0 738 8258.4 778 3611.2 700 4789.89
739 6804.0 779 4005.2 701 5187.37
742 8432.0 780 3580.5 702 3184.84
743 7684.9 741 8342.4 781 3876.0 703 4089.47
744 6528.0 742 7862.4 782 3146.5 704 4352.0
745 10098.0 743 5580.0 783 4270.5 705 3113.68
746 5535.75 744 10345.5 784 3422.4 706 4335.16
747 4224.0 745 6077.5 785 4005.2 707 4335.16
748 9116.25 746 3324.75 786 3644.8 708 4067.37
749 5749.25 747 8160.0 787 3968.25 709 5071.58
750 5492.31 748 7344.0 788 3623.4 710 4745.68
751 7104.0 749 6663.46 789 3769.6 711 3897.47
752 3802.33 750 7038.0 790 3942.0 712 4421.05
751 4964.0 791 4026.0 713 4200.0
754 3491.72 714 4884.0
755 7853.33 753 3572.09 792 3020.29 715 3699.85
756 8750.65 754 8580.0 793 3215.14 716 4556.0
757 7689.39 755 7187.66 794 3611.43 717 4080.0
758 7077.06 756 8993.33 795 4235.0 718 3864.0
759 6302.27 757 7216.51 796 3590.1 719 3741.7
760 7124.96 758 8461.44 797 3548.57 720 3916.8
761 8296.0 759 7289.2 798 3950.48 721 3712.5
762 8361.31 760 8633.33 799 3239.71 722 4354.35
763 7659.0 761 7119.91 800 3164.95 723 3774.0
764 8428.6 762 7319.27 801 4171.43 724 3861.0
765 10064.0 763 6220.5 802 3752.95 725 3348.0
766 2518.43 764 7567.88 803 3574.86 726 4060.0
767 6034.67 765 2054.86 804 3431.67 727 4368.0
768 7714.0 766 7400.0 805 2828.19 728 3869.25
769 8184.0 767 7711.2 806 3714.29 729 3960.0
770 8089.6 768 6032.0 807 4345.0 730 3634.75
771 4199.68 769 8058.0 808 3691.43 731 4089.6
772 32736.0 770 4001.68 809 4148.57 732 4095.0
773 7216.76 771 34848.0 810 3362.76 733 4299.7
774 10644.21 772 8626.29 811 3215.14 734 2966.7
775 9403.33 773 7784.21 812 3579.71 735 3762.0
776 6458.18 774 9187.56 813 3312.57 736 4639.8
777 7688.0 775 6976.18 814 3446.86 737 3267.4
778 8670.0 776 7180.8 815 3523.05 738 3887.4
779 8705.8 777 7043.2 816 3688.19 739 3840.0
778 7745.2 817 3937.52 740 4088.5
781 6851.0 818 4220.86 741 3484.8
782 6528.0 780 6890.4 819 3853.33 742 4692.6
783 6242.91 781 7099.2 820 4160.0 743 3801.6
784 7672.5 782 6632.73 821 3468.0 744 3801.6
785 7600.0 783 10606.75 822 3705.9 745 4098.6
786 3570.0 784 6897.0 823 4238.67 746 3537.6
787 10144.75 785 3425.5 824 2837.24 747 4804.8
788 6120.0 786 8531.25 825 4598.0 748 3733.95
789 5188.92 787 6600.0 826 3960.0 749 4042.5
790 6316.2 788 6301.54 827 3833.9 750 4467.45
791 4319.33 789 7236.0 828 2739.81 751 3753.75
790 5239.78 829 3446.86 752 4464.0
793 8051.61 831 2966.7 754 3137.14
794 8121.87 792 10597.85 832 3916.8 755 3721.14
795 7418.18 793 7469.16 833 3123.25 756 3750.0
796 7664.04 794 9509.7 834 3219.35 757 3055.71
797 8587.63 795 6798.17 835 4177.25 758 3510.86
798 7247.79 796 7976.91 836 3478.2 759 3267.05
799 7715.56 797 7391.15 837 4761.9 760 3200.0
800 6819.07 798 10010.0 838 3123.2 761 2834.29
801 7658.18 799 8007.48 839 2976.0 762 4167.43
802 7038.0 800 6132.36 840 4620.0 763 3093.33
803 8060.0 801 9028.8 841 3361.1 764 4274.29
804 2788.57 802 10307.5 842 3318.4 765 3833.9
805 6126.25 803 2846.25 843 3408.0 766 3840.0
806 7378.0 804 5541.25 844 4029.3 767 3731.81
807 8863.8 805 7263.3 845 4132.5 768 4017.14
808 8486.4 806 9363.2 846 3978.0 769 3474.48
809 4372.11 807 8236.8 847 3785.1 770 3573.33
810 36720.0 808 4755.47 848 3916.8 771 3111.43
811 7693.71 809 46200.0 849 3150.0 772 3814.48
812 8571.79 810 9554.29 850 3571.2 773 2974.48
813 8987.33 811 8996.84 851 4046.0 774 4041.14
814 5481.0 812 9632.33 852 4154.0 775 2922.86
815 7612.5 813 7418.18 853 4039.2 776 4041.14
816 7668.0 814 7068.6 854 3403.8 777 4234.29
817 7741.8 815 8342.4 855 4080.0 778 3857.14
816 7102.1 856 3780.0 779 3306.67
819 7488.0 857 4050.15 780 3960.0
820 7296.0 818 8236.0 858 4442.1 781 4167.43
821 6312.73 819 8246.0 859 3629.5 782 4053.33
822 8976.0 820 8190.0 860 4290.0 783 3778.29
823 5760.0 821 9079.12 861 3672.0 784 4175.71
824 3901.95 822 6351.0 862 4047.0 785 3093.33
825 9974.25 823 3758.7 863 3795.95 786 3164.95
826 5696.25 824 9067.5 864 3741.7 787 4114.29
827 7344.0 825 6527.42 865 3811.5 788 3520.0
828 7128.0 826 6664.62 866 4039.2 789 3085.71
829 3928.89 827 7660.8 867 3379.2 790 3069.0
828 3968.0 868 4563.0 791 4251.43
831 3929.77 869 4060.0
832 7783.23 830 3350.51 870 4188.8 792 4151.4
833 8452.34 831 9125.16 871 3864.0 793 4431.9
834 8981.82 832 7457.38 872 3727.75 794 3780.0
835 8983.49 833 8510.0 873 4273.5 795 3420.0
836 6736.08 834 5278.53 874 3213.0 796 3684.45
837 6496.28 835 6967.42 875 4068.75 797 2979.1
838 9056.67 836 7760.18 876 3901.95 798 3986.5
839 8674.77 837 8296.0 877 4075.5 799 4129.2
840 6510.0 838 6106.54 878 3552.0 800 3811.5
841 6963.2 839 5410.91 879 4297.8 801 3564.0
842 9581.25 840 7446.0 880 3240.0 802 3306.0
843 2444.36 841 8816.0 881 3830.4 803 4195.2
844 7264.33 842 2537.14 882 3769.6 804 3872.6
845 7832.9 843 6720.0 883 3320.1 805 2976.0
846 5856.0 844 8365.5 884 4015.05 806 3978.0
847 8211.0 845 6138.0 885 3422.4 807 3324.75
848 4395.79 846 6807.6 886 3216.0 808 2929.5
849 36890.0 847 3779.37 887 4450.6 809 3366.0
850 7667.81 848 36540.0 888 4514.4 810 4238.35
851 7730.53 849 6653.43 889 4036.5 811 3699.2
852 10744.0 850 7086.32 890 4050.0 812 3273.6
853 7517.09 851 8458.33 891 3654.0 813 3622.5
854 6745.6 852 6583.27 892 3738.6 814 3762.0
855 5952.0 853 7514.1 893 3372.8 815 3830.4
856 8064.0 854 6960.0 894 3686.4 816 3352.4
855 8258.4 895 4321.6 817 4005.2
858 7340.8 896 3769.6 818 4158.0
859 6963.2 857 9928.0 897 3496.5 819 4416.0
860 6429.09 858 7273.2 898 4375.8 820 3303.1
861 9826.0 859 7282.18 899 4375.8 821 4095.3
862 7347.0 860 11305.0 900 4050.0 822 3306.0
863 3634.75 861 6006.25 901 3456.0 823 3830.4
864 7518.25 862 4377.6 902 3318.4 824 3529.35
865 6240.0 863 10543.5 903 3451.0 825 4276.8
866 5198.77 864 5104.0 904 4176.0 826 3651.8
867 6240.0 865 5382.08 905 3938.55 827 4556.0
868 3668.5 866 6882.0 906 4284.0 828 3519.0
867 4353.78 907 3809.15 829 3324.75
870 3482.09 830 4123.0
871 7084.73 869 3039.44 908 1960.3 831 3349.5
872 8331.59 870 10794.19 909 2073.82 832 4288.0
873 8571.11 871 7157.94 910 1839.9 833 3433.6
874 8060.18 872 7861.01 911 2017.96 834 4138.2
875 7158.76 873 6869.72 912 2031.62 835 3788.8
876 6496.28 874 6647.42 913 2160.22 836 3517.5
877 8551.11 875 8448.85 914 1795.51 837 3108.8
878 8814.58 876 6699.0 915 2275.44 838 4039.2
879 6676.36 877 6606.17 916 1854.61 839 3224.0
880 7068.6 878 9243.0 917 1693.02 840 3836.25
881 9817.5 879 8308.0 918 1461.1 841 4803.2
882 2960.0 880 11485.5 919 1817.06 842 3888.0
883 7168.75 881 2662.5 920 2374.06 843 4009.25
884 7772.0 882 6063.75 921 1871.32 844 3670.4
885 8640.0 883 7774.8 922 1781.15 845 4044.3
886 8177.0 884 7577.7 923 2320.75 846 3236.4
887 3632.63 885 8316.0 924 1600.25 847 4002.0
888 30116.5 886 3742.84 925 2002.24 848 4412.85
889 8580.0 887 36208.0 926 1989.88 849 3062.4
890 8809.89 888 7577.14 927 1989.88 850 3769.6
891 9340.44 889 9596.63 928 1721.2 851 3808.0
892 6417.0 890 7646.67 929 1984.04 852 4243.2
893 8880.0 891 5861.82 930 1551.62 853 3901.95
894 10064.0 892 6240.3 931 1591.75 854 3326.4
895 7246.8 893 8431.5 932 2223.14 855 4147.5
894 7488.0 933 2350.32 856 3899.8
897 8816.4 934 1857.38 857 4773.6
898 6124.8 896 8268.8 935 1771.57 858 4608.0
899 6816.0 897 7052.8 936 2136.66 859 3769.6
900 8575.88 898 6510.0 937 1735.66 860 3264.0
901 8177.0 899 9826.0 938 1896.21 861 3984.75
902 3416.2 900 5094.33 939 1818.7 862 3705.0
903 12709.12 901 3986.5 940 2096.36 863 4377.6
904 5533.5 902 10656.0 941 1577.06 864 4095.3
905 5653.85 903 5836.25 942 2017.36 865 4774.0
906 6919.2 904 5220.0 943 2087.28 866 4110.6
907 4040.33 905 8051.2 944 1627.93 867 3990.0
906 3630.0 945 2091.1 868 4834.8
909 9039.14 870 2027.73
910 7683.36 908 7680.0 871 2304.24
911 8210.3 909 6818.69 946 3677.14 872 2215.51
912 6097.61 910 9152.83 947 4860.38 873 1764.59
913 6749.69 911 6690.83 948 3463.14 874 1847.76
914 7476.11 912 6545.15 949 3166.43 875 1781.15
915 8470.0 913 6433.19 950 3339.14 876 1867.33
916 6417.94 914 7573.33 951 3400.0 877 1931.47
917 5760.0 915 6342.06 952 3762.0 878 1880.1
918 6930.0 916 6789.0 953 3542.86 879 2006.86
919 7192.0 917 6310.4 954 4491.24 880 2342.92
920 2662.68 918 11470.0 955 4375.43 881 2030.85
921 5797.0 919 2511.0 956 3875.0 882 2048.38
922 7737.6 920 6329.17 957 3910.0 883 1790.72
923 8221.2 921 8434.8 958 4348.76 884 2521.7
924 7015.3 922 7979.4 959 4263.24 885 1583.24
925 4225.79 923 6429.4 960 3160.38 886 1682.19
926 53720.0 924 3720.32 961 3782.1 887 2064.84
927 9630.48 925 44574.0 962 4290.0 888 1794.96
928 7537.89 926 7159.43 963 3872.0 889 1817.06
929 7936.0 927 9726.32 964 4041.14 890 1785.79
930 5628.64 928 10744.0 965 3400.0 891 2020.02
931 9009.0 929 9767.27 966 4017.14 892 2253.22
932 7192.0 930 6956.4 967 3885.71 893 2350.12
933 7638.4 931 8112.0 968 4015.24 894 1780.55
932 7056.0 969 4070.0 895 1706.78
935 7403.7 970 3542.86 896 2199.95
936 8190.0 934 6264.0 971 3626.67 897 1843.39
937 7104.0 935 9928.0 972 4060.57 898 2172.57
938 10036.25 936 8680.0 973 3627.76 899 1704.24
939 6938.83 937 9213.75 974 3472.86 900 1847.88
940 4276.8 938 7338.33 975 2976.0 901 1912.22
941 8695.5 939 3472.0 976 3821.71 902 1781.15
942 7020.0 940 8877.62 977 3937.52 903 2172.57
943 6438.0 941 6710.0 978 3905.14 904 1892.47
944 7372.8 942 4731.08 979 3331.76 905 1805.89
945 3580.5 943 9669.6 980 3590.1 906 2077.31
944 5213.33 981 3053.29 907 2190.92
947 9076.36 910 4535.14
948 5540.37 946 8133.33 911 4151.05
949 8288.66 947 6044.04 912 3771.43
950 7661.95 948 9137.94 982 3550.24 913 3215.14
951 9248.0 949 8003.54 983 3291.43 914 3637.14
952 7289.72 950 7026.67 984 3111.43 915 3342.86
953 7714.91 951 7588.79 985 3983.57 916 3648.0
954 7344.0 952 7289.55 986 3590.48 917 3680.0
955 10188.75 953 6912.0 987 2701.43 918 4571.43
956 2592.5 954 8296.0 988 4313.14 919 3684.57
957 5530.67 955 2370.29 989 3259.43 920 3563.52
958 8708.7 956 6710.0 990 3386.38 921 3872.0
959 6588.0 957 8658.0 991 3205.71 922 4080.0
960 7484.4 958 9235.2 992 2922.86 923 3281.14
961 3445.89 959 8064.0 993 3520.0 924 3850.0
962 31680.0 960 4402.89 994 3526.29 925 3626.67
963 5668.57 961 30256.0 995 3885.71 926 3430.29
964 9405.16 962 6430.29 996 3683.33 927 3854.29
965 8580.0 963 9538.21 997 3763.81 928 4454.1
966 9523.09 964 7930.0 998 3546.71 929 4169.14
967 7956.0 965 6525.0 999 4662.86 930 2881.52
968 8520.0 966 7180.8 1000 3462.1 931 3574.86
969 6547.2 967 6435.0 1001 4400.76 932 3646.19
968 7238.4 1002 4278.86 933 3394.29
971 7142.4 1003 3853.33 934 3872.0
972 7616.0 970 7888.0 1004 4429.71 935 3412.95
973 8792.73 971 8047.5 1005 3647.14 936 3565.0
974 9823.12 972 6222.0 1006 3264.0 937 3872.0
975 5037.5 973 8568.0 1007 3563.52 938 4356.0
976 4222.8 974 6545.0 1008 3381.95 939 3724.29
977 10320.38 975 3907.2 1009 3752.86 940 4293.71
978 6460.0 976 10602.0 1010 3541.43 941 3511.86
979 6705.54 977 7800.0 1011 3231.43 942 4327.62
980 9435.0 978 5309.23 1012 3291.43 943 3454.29
981 4931.56 979 8870.4 1013 3762.0 944 3965.05
980 4004.17 1014 3637.14 945 3513.33
983 6699.29 1021 3439.37 949 4251.43
984 8024.89 982 7917.35 1022 4380.0 950 4714.29
985 6603.36 983 7975.0 1023 3768.95 951 3281.14
986 6414.55 984 7626.17 1024 4829.47 952 3814.48
987 7372.8 985 7658.18 1025 5090.53 953 3926.67
988 8370.0 986 9430.2 1026 3915.79 954 2782.62
989 2630.57 987 7440.0 1027 4877.05 955 4574.48
990 5898.75 988 2931.29 1028 4597.89 956 4717.43
991 5843.5 989 6709.33 1029 4800.0 957 4313.14
992 6249.6 990 8527.2 1030 4031.05 958 3893.81
993 7263.3 991 6032.0 1031 3711.37 959 3675.43
994 3863.58 992 9948.4 1032 5016.0 960 3876.0
995 47025.0 993 4668.63 1033 4020.21 961 3978.0
996 7040.0 994 33660.0 1034 3614.32 962 3616.67
997 7920.0 995 7875.05 1035 3742.84 963 3219.0
998 7000.0 996 7537.89 1036 4145.84 964 3164.95
999 8138.91 997 8983.33 1037 5372.0 965 3972.43
1000 6113.2 998 6405.0 1038 4626.95 966 4180.0
1001 7840.8 999 8658.0 1039 4583.53 967 3306.67
1002 6956.4 1000 7374.9 1040 5187.37 968 3738.43
1001 8044.6 1041 4305.63 969 4348.76
1004 5660.8 1042 3454.05 970 3154.29
1005 6528.0 1003 6150.4 1043 2886.26 971 3382.86
1006 6543.45 1004 8131.2 1044 4122.95 972 3166.43
1007 8844.0 1005 7461.45 1045 4568.42 973 3061.62
1008 6090.0 1006 9489.88 1046 4212.63 974 4085.71
1009 3888.0 1007 6479.0 1047 3165.58 975 3646.19
1010 8370.0 1008 3960.0 1048 3997.37 976 3844.29
1011 4872.0 1009 9073.75 1049 3525.79 977 3361.29
1012 6138.0 1010 5920.0 1050 3493.05 978 3678.86
1013 6403.2 1011 6184.62 1051 3930.47 979 3573.33
1014 3802.67 1012 8190.6 1052 3489.47 980 3162.0
1013 3779.67 1053 4769.11 981 3721.14
1016 4386.79 1054 9241.6
1017 8920.43 1015 3725.77 1055 8208.0
1018 6640.19 1016 9169.03 1056 7459.2
1019 10133.33 1017 8059.81 1057 8870.4
1020 7393.21 1018 8378.18 1058 8353.8
1021 8443.92 1019 6945.14 1059 7936.0
1022 5884.51 1020 9063.09 1060 9028.8 982 3622.11
1023 8597.33 1021 6833.63 1061 7884.8 983 4884.0
1024 7156.07 1022 10706.67 1062 7920.5 984 5215.74
1025 6528.0 1023 7683.36 1063 6310.4 985 3834.95
1026 7161.0 1024 6816.0 1064 8139.6 986 3751.58
1027 9712.5 1025 8307.0 1065 7714.0 987 4348.47
1028 3069.0 1026 10378.5 1066 6963.2 988 5024.84
1029 7488.0 1027 3092.14 1067 7603.2 989 4267.42
1030 8081.7 1028 6437.33 1068 7192.0 990 4151.58
1031 9384.0 1029 7027.2 1069 9188.4 991 3082.11
1032 6844.2 1030 7140.0 1070 6150.4 992 3654.74
1033 5168.0 1031 9548.0 1071 7167.2 993 4180.21
1034 39270.0 1032 4509.47 1072 9282.0 994 4896.0
1035 8212.29 1033 36735.0 1073 9504.0 995 4513.68
1036 8941.26 1034 7085.71 1074 7782.4 996 3682.47
1037 8318.33 1035 6898.53 1075 8342.4 997 3516.63
1038 7645.09 1036 7772.0 1076 6310.4 998 4648.42
1039 7539.2 1037 6824.73 1077 8288.0 999 4795.79
1040 7374.9 1038 8316.0 1078 6956.4 1000 4884.0
1041 8288.0 1039 6534.8 1079 6699.0 1001 4767.16
1040 8029.0 1080 7799.6 1002 4231.58
1043 8361.6 1081 6240.0 1003 4752.0
1044 8089.6 1042 7051.6 1082 9984.0 1004 4257.16
1045 7956.0 1043 7504.0 1083 7272.6 1005 3782.0
1046 10799.25 1044 5749.09 1084 6963.2 1006 3607.58
1047 6171.0 1045 10545.0 1085 5856.0 1007 4029.47
1048 4224.0 1046 5535.75 1086 7296.4 1008 3881.53
1049 12245.0 1047 3515.4 1087 7293.0 1009 3548.68
1050 7488.0 1048 10224.0 1088 8078.4 1010 3858.53
1051 5178.46 1049 7038.0 1089 6854.1 1011 4960.0
1052 10112.0 1050 5208.46 1090 7511.0 1012 3780.0
1053 4826.11 1051 7142.4 1091 6745.6 1013 5215.74
1052 3626.67 1092 6588.0 1014 4311.58
1055 4680.93 1093 6832.0 1015 6860.8
1056 8402.58 1054 3204.84 1094 9173.2 1016 8320.0
1057 5562.62 1055 8196.77 1095 8848.0 1017 8208.0
1058 10400.0 1056 5840.75 1096 8593.2 1018 7725.6
1059 7860.55 1057 8386.67 1097 9137.7 1019 7075.2
1060 6842.06 1058 7827.52 1098 7942.4 1020 8428.6
1061 8238.23 1059 10750.52 1099 6745.6 1021 7259.0
1062 8682.67 1060 6739.82 1100 6249.6 1022 9070.6
1063 6692.52 1061 8960.0 1101 5568.0 1023 7293.0
1064 6861.82 1062 6118.88 1102 8051.2 1024 7979.4
1065 7398.4 1063 7714.91 1103 8704.0 1025 8903.4
1066 10115.0 1064 7959.6 1104 6577.2 1026 8060.0
1067 3145.0 1065 9018.75 1105 7737.6 1027 7672.5
1068 6393.75 1066 2722.5 1106 5952.0 1028 8487.8
1069 8553.6 1067 5916.0 1107 8832.0 1029 7728.0
1070 6547.2 1068 5846.4 1108 5660.8 1030 8884.2
1071 7577.7 1069 9157.5 1109 8468.0 1031 10164.0
1072 4199.68 1070 7840.8 1110 8876.8 1032 6660.0
1073 35409.0 1071 4486.74 1111 6786.0 1033 7182.0
1074 7486.48 1072 44400.0 1112 6249.6 1034 8863.8
1075 10702.42 1073 6802.29 1113 7344.0 1035 6448.0
1076 7384.89 1074 7812.0 1114 7058.7 1036 8821.8
1077 7406.55 1075 9924.44 1115 8276.4 1037 9044.0
1078 7942.4 1076 6545.45 1116 8576.0 1038 7061.8
1079 7488.0 1077 7814.4 1117 7012.2 1039 7524.0
1080 6652.6 1078 7161.0 1118 6324.0 1040 8154.8
1079 7696.0 1119 8481.6 1041 8288.0
1082 7378.0 1120 7254.0 1042 9309.3
1083 6854.4 1081 8078.4 1121 8288.0 1043 6860.8
1084 7347.0 1082 7378.0 1122 6553.6 1044 7588.8
1085 7753.87 1083 7446.0 1123 7722.0 1045 6342.6
1086 7153.33 1084 8528.88 1124 7347.0 1046 7560.3
1087 4389.0 1085 6358.0 1125 6144.0 1047 7272.6
1088 9548.0 1086 4320.0 1126 8445.6 1048 8494.2
1089 6795.67 1087 9112.0 1127 7167.2 1049 7979.4
1090 7548.0 1088 7032.33 1128 6150.4 1050 7052.8
1091 5952.0 1089 5153.08 1129 7603.8 1051 10210.2
1092 5819.67 1090 8322.0 1130 7061.8 1052 8870.4
1091 4272.67 1131 8835.0 1053 7623.0
1094 3653.02 1132 727.5 1054 8208.0
1095 8445.16 1093 3531.12 1133 703.84 1055 9530.4
1096 6646.17 1094 8932.26 1134 739.04 1056 7378.0
1097 6181.82 1095 9539.07 1135 801.3 1057 7180.8
1098 8378.35 1096 7065.45 1136 976.17 1058 6336.0
1099 7360.82 1097 6781.65 1137 764.17 1059 6867.2
1100 8918.23 1098 8579.38 1138 788.92 1060 8010.4
1101 7688.0 1099 5761.06 1139 838.12 1061 7603.2
1102 7303.18 1100 8341.67 1140 1040.72 1062 6054.3
1103 7601.45 1101 9297.57 1141 732.61 1063 7516.8
1104 5483.9 1102 7068.0 1142 847.72 1064 6745.6
1105 10368.75 1103 7104.0 1143 775.93 1065 9636.0
1106 3302.86 1104 9380.0 1144 820.48 1066 7741.8
1107 6324.0 1105 2568.57 1145 841.92 1067 8664.0
1108 7161.0 1106 6380.83 1146 797.6 1068 8520.0
1109 7029.0 1107 6860.7 1147 767.27 1069 7866.0
1110 9120.0 1108 9240.0 1148 887.43 1070 7488.0
1111 4509.47 1109 7177.5 1149 819.16 1071 7493.6
1112 46512.0 1110 4408.0 1150 735.09 1072 7920.5
1113 8089.71 1111 37555.0 1151 899.1 1073 6803.4
1114 8933.05 1112 6528.0 1152 885.27 1074 6699.0
1115 9120.0 1113 8352.0 1153 684.07 1075 8176.0
1116 6324.0 1114 10209.33 1154 691.62 1076 8524.8
1117 8778.0 1115 6750.0 1155 809.19 1077 6324.0
1118 6382.9 1116 7923.6 1156 781.44 1078 8893.5
1119 8276.4 1117 6240.3 1157 880.42 1079 8058.6
1118 6696.0 1158 843.11 1080 8448.0
1121 6630.9 1159 770.94 1081 7722.0
1122 7051.6 1120 8064.0 1160 766.96 1082 7700.4
1123 6786.0 1121 7920.5 1161 642.58 1083 9435.0
1124 9520.0 1122 8181.82 1162 833.78 1084 7167.2
1125 7163.0 1123 9333.0 1163 843.21 1085 6138.0
1126 4032.0 1124 5869.33 1164 869.98 1086 5837.7
1127 12274.0 1125 4692.6 1165 796.35 1087 7331.2
1128 8163.33 1126 9750.0 1166 792.02 1088 8633.6
1129 7160.92 1127 7631.25 1167 592.73 1089 6969.6
1130 7588.8 1128 6438.0 1168 808.68 1090 7814.4
1131 3853.33 1129 7254.0 1169 790.47 1091 7425.0
1130 3361.78 1170 590.42 1092 6732.0
1133 3909.95 1171 736.16 1093 631.14
1134 9634.41 1132 3643.53 1172 749.27 1094 843.11
1135 6084.11 1133 10503.23 1173 757.47 1095 979.28
1136 5918.18 1134 8852.34 1174 884.63 1096 642.22
1137 5608.44 1135 8521.21 1175 889.76 1097 813.05
1138 5944.33 1136 6484.4 1176 851.44 1098 613.17
1139 5830.09 1137 8437.11 1177 882.04 1099 673.83
1140 8156.44 1138 7406.55 1178 924.84 1100 687.66
1141 5997.2 1139 8250.0 1179 816.59 1101 824.85
1142 8664.0 1140 5388.79 1180 689.31 1102 731.66
1143 7280.0 1141 7941.82 1181 879.82 1103 823.98
1144 7688.0 1142 6144.0 1182 681.86 1104 779.88
1145 2854.29 1143 8400.0 1183 703.17 1105 748.08
1146 5786.67 1144 2649.14 1184 1004.17 1106 867.31
1147 8755.2 1145 7386.5 1185 692.52 1107 654.05
1148 8910.0 1146 8602.5 1186 790.24 1108 736.87
1149 8778.0 1147 9302.4 1187 907.98 1109 685.35
1150 3865.26 1148 8870.4 1188 771.22 1110 806.56
1151 33092.5 1149 3716.74 1189 895.61 1111 807.58
1152 5394.0 1150 43200.0 1190 1069.39 1112 717.15
1153 9721.26 1151 6186.67 1191 838.14 1113 860.57
1154 10182.22 1152 7622.74 1192 723.73 1114 926.11
1155 7592.73 1153 8917.33 1193 896.74 1115 632.34
1156 6438.0 1154 7900.36 1194 858.67 1116 725.59
1157 8998.4 1155 6348.8 1195 917.96 1117 782.51
1158 9000.0 1156 8167.5 1196 771.97 1118 817.56
1157 5573.8 1197 985.98 1119 792.44
1160 8527.2 1198 976.27 1120 797.13
1161 8326.6 1159 9530.4 1199 911.44 1121 840.81
1162 5989.09 1160 8323.2 1200 861.95 1122 825.23
1163 7518.25 1161 6528.0 1201 868.82 1123 883.03
1164 7351.5 1162 7753.87 1202 892.18 1124 954.17
1165 4617.6 1163 7233.5 1203 879.82 1125 684.04
1166 9090.75 1164 4686.0 1204 900.22 1126 670.66
1167 7702.5 1165 10472.0 1205 735.03 1127 689.82
1168 6105.0 1166 6326.58 1206 1086.03 1128 632.34
1169 7296.0 1167 6198.92 1207 658.45 1129 703.87
1170 4582.0 1168 6640.2 1208 784.39 1130 903.39
1169 5100.0 1209 1029.05 1131 932.53
1172 3444.28 1210 6246.4 1132 840.09
1173 8808.6 1171 3831.07 1211 7850.7 1133 765.19
1174 8674.77 1172 9561.29 1212 6324.0 1134 853.02
1175 8084.85 1173 6767.85 1213 7904.0 1135 1131.95
1176 7556.7 1174 8173.74 1214 5753.6 1136 924.88
1177 8015.26 1175 6611.47 1215 7629.6 1137 1046.01
1178 7665.93 1176 9456.91 1216 7187.4 1138 932.33
1179 7729.33 1177 7102.3 1217 6222.0 1139 980.93
1180 6914.39 1178 7260.0 1218 8708.7 1140 985.81
1181 5312.27 1179 8097.2 1219 8258.4 1141 876.27
1182 6264.0 1180 6464.91 1220 8910.0 1142 794.59
1183 9585.0 1181 6944.0 1221 7830.0 1143 835.83
1184 3314.14 1182 7564.0 1222 8934.9 1144 918.85
1185 5520.0 1183 2434.29 1223 6588.8 1145 881.6
1186 6974.5 1184 5673.0 1224 9282.0 1146 941.0
1187 9300.0 1185 8214.0 1225 7163.0 1147 777.41
1188 8094.0 1186 9690.0 1226 8568.0 1148 808.91
1189 4831.58 1187 7612.5 1227 9906.6 1149 714.86
1190 39168.0 1188 4466.53 1228 8778.0 1150 769.69
1191 7057.14 1189 52377.0 1229 8599.4 1151 1015.85
1192 10064.0 1190 7853.33 1230 8390.4 1152 965.06
1193 8822.44 1191 8628.63 1231 6547.2 1153 998.78
1194 6954.55 1192 8516.67 1232 7577.7 1154 857.83
1195 7737.6 1193 8679.27 1233 7949.7 1155 829.99
1196 8369.4 1194 8622.9 1234 8288.0 1156 842.93
1197 7722.0 1195 7570.2 1235 6237.0 1157 952.9
1196 9279.6 1236 7075.2 1158 794.59
1199 7437.0 1237 9360.0 1159 808.91
1200 7326.0 1198 6732.0 1238 7737.6 1160 852.64
1201 7330.91 1199 8806.0 1239 6864.0 1161 834.15
1202 11453.75 1200 9009.0 1240 8568.0 1162 783.66
1203 5850.0 1201 8804.0 1241 8935.2 1163 907.32
1204 3184.2 1202 6314.67 1242 8624.0 1164 854.9
1205 7764.75 1203 3845.4 1243 8434.8 1165 841.33
1206 7624.5 1204 7672.5 1244 5663.7 1166 1014.88
1207 5067.69 1205 6205.0 1245 8154.8 1167 737.54
1208 10475.4 1206 6219.23 1246 6382.9 1168 948.38
1209 5280.0 1207 6472.8 1247 9112.0 1169 905.72
1208 3828.0 1248 8476.7 1170 801.12
1211 3845.95 1249 812.69 1171 8035.2
1212 7633.55 1210 3674.51 1250 827.78 1172 8143.2
1213 7045.98 1211 6286.45 1251 744.43 1173 6342.6
1214 8029.09 1212 8527.57 1252 895.81 1174 10077.6
1215 5608.44 1213 7175.76 1253 664.67 1175 7398.4
1216 9057.32 1214 8743.49 1254 840.72 1176 7629.6
1217 8212.04 1215 7487.94 1255 746.23 1177 7061.8
1218 8426.67 1216 7798.94 1256 642.87 1178 5568.0
1219 6499.07 1217 9248.0 1257 869.98 1179 9149.4
1220 6898.91 1218 7781.87 1258 954.17 1180 8092.0
1221 6732.0 1219 5859.0 1259 817.56 1181 6696.0
1222 10741.5 1220 7657.0 1260 755.51 1182 6652.6
1223 3044.57 1221 7192.0 1261 778.4 1183 7455.5
1224 6303.33 1222 2992.0 1262 796.35 1184 8078.4
1225 8276.4 1223 6923.33 1263 791.7 1185 6510.0
1226 8432.0 1224 7511.0 1264 750.9 1186 8081.7
1227 7799.6 1225 9560.8 1265 1014.37 1187 7347.0
1228 4369.89 1226 7368.9 1266 807.35 1188 9672.0
1229 50388.0 1227 2980.89 1267 723.95 1189 10167.3
1230 8613.33 1228 39164.5 1268 725.59 1190 7410.0
1231 9236.84 1229 6797.14 1269 760.31 1191 6963.2
1232 8194.33 1230 7405.26 1270 664.67 1192 7934.4
1233 6840.0 1231 8052.0 1271 666.83 1193 8554.4
1234 6113.2 1232 8092.0 1272 965.27 1194 8736.0
1235 7737.6 1233 9309.2 1273 623.4 1195 7177.5
1236 7238.4 1234 7378.0 1274 652.18 1196 7524.0
1235 7956.0 1275 632.99 1197 7638.4
1238 8302.8 1276 772.63 1198 8025.6
1239 6699.0 1237 7030.8 1277 965.03 1199 6944.0
1240 7248.18 1238 8089.6 1278 755.51 1200 6240.0
1241 11625.0 1239 7551.82 1279 833.78 1201 8840.0
1242 6649.5 1240 10307.5 1280 961.68 1202 9028.8
1243 3794.4 1241 5972.67 1281 799.44 1203 8494.2
1244 10608.0 1242 4025.6 1282 796.35 1204 7722.0
1245 6212.5 1243 12240.0 1283 775.93 1205 7612.8
1246 6610.15 1244 6440.0 1284 649.7 1206 8791.2
1247 6646.4 1245 5220.0 1285 789.85 1207 8880.3
1248 3615.33 1246 6758.4 1286 922.32 1208 7241.6
1247 4862.0 1287 705.39 1209 6652.6
1250 4005.21 1210 736.02
1251 10002.58 1249 3845.95 1211 757.37
1252 6020.19 1250 8133.33 1212 820.48
1253 7583.03 1251 6081.87 1213 791.86
1254 8262.39 1252 8548.48 1214 756.89
1255 7851.55 1253 5204.59 1215 704.46
1256 6116.81 1254 7917.53 1216 806.56
1257 7861.33 1255 7898.23 1217 869.98
1258 7025.61 1256 7495.11 1218 726.83
1259 7164.55 1257 8397.76 1219 602.69
1260 6588.8 1258 7389.27 1220 760.15
1261 10032.0 1259 7752.0 1221 748.26
1262 2763.43 1260 8236.0 1222 901.74
1263 5423.0 1261 2211.25 1223 914.47
1264 8568.0 1262 5703.5 1224 629.78
1265 6831.0 1263 7524.0 1225 611.26
1266 6646.4 1264 7884.8 1226 649.46
1267 3682.47 1265 8892.0 1227 645.99
1268 38190.0 1266 3918.95 1228 860.68
1269 6144.0 1267 29667.0 1229 663.31
1270 7073.68 1268 7528.57 1230 682.63
1271 9632.33 1269 9212.21 1231 732.93
1272 7566.55 1270 7591.56 1232 769.34
1273 8806.0 1271 8214.0 1233 775.93
1274 8913.3 1272 9636.0 1234 641.32
1275 6864.0 1273 9183.4 1235 705.79
1274 8448.0 1236 938.62
1277 8247.6 1237 743.32
1278 7741.8 1276 7076.0 1238 851.02
1279 6324.0 1277 7577.6 1239 645.99
1280 9652.5 1278 8133.27 1240 790.78
1281 4717.33 1279 7796.25 1241 652.18
1282 3840.0 1280 7524.0 1242 740.28
1283 8052.0 1281 3564.0 1243 825.23
1284 6781.25 1282 11756.25 1244 643.51
1285 5193.69 1283 5856.0 1288 658.92 1245 898.2
1286 8524.8 1284 7113.85 1289 644.35 1246 941.62
1287 4238.67 1285 6993.0 1290 738.02 1247 640.42
1286 4110.94 1291 663.05 1248 809.96
1289 6590.77 1327 8700.0 1284 601.23
1290 7020.0 1288 5264.77 1328 7440.0 1285 833.48
1291 4760.0 1289 6956.4 1329 9116.25 1286 677.9
1290 4684.44 1330 8137.5 1287 659.41
1293 3845.95 1331 4346.53
1294 10558.28 1292 3918.14 1332 3686.05
1295 7422.8 1293 8140.0 1333 4105.05
1296 7920.0 1294 6459.81 1334 3641.68
1297 7442.2 1295 7583.33 1335 3637.89
1298 6494.85 1296 6658.35 1336 3217.47
1299 7972.57 1297 7408.04 1337 3525.79
1300 7274.67 1298 6232.92 1338 3637.89
1301 7138.69 1299 9000.33 1339 3696.0
1302 8145.45 1300 8798.69 1340 3617.26
1303 7102.1 1301 8168.73 1341 3984.32
1304 8910.0 1302 9235.2 1342 4989.47
1305 3120.0 1303 9672.0 1343 3890.53
1306 5972.67 1304 2468.57 1344 3481.58
1307 7058.7 1305 6259.17 1345 3126.32
1308 7840.8 1306 8288.0 1346 3540.53
1309 7548.0 1307 8910.0 1347 4867.37
1310 3524.21 1308 7424.0 1348 3388.79
1311 38471.0 1309 3759.16 1349 4663.58
1312 5402.86 1310 31015.5 1350 4680.0
1313 10196.42 1311 8045.71 1351 3994.11
1314 7466.67 1312 8320.0 1352 3493.05
1315 7900.36 1313 8464.78 1353 3622.11
1316 7140.0 1314 6707.27 1354 4206.32
1317 6745.6 1315 7065.6 1355 4294.74
1318 8236.8 1316 8029.0 1356 3654.74
1317 8268.8 1357 4002.63
1320 6437.2 1358 3657.79
1321 6825.0 1319 8103.0 1359 3544.21
1322 7749.82 1320 6804.0 1360 2626.11
1323 11096.0 1321 6411.64 1361 3210.32
1324 5920.83 1322 9768.0 1362 3638.16
1325 3461.15 1323 6792.5 1363 4867.37
1326 11935.0 1324 3912.1 1364 3736.42
1327 7296.0 1325 9048.0 1365 4199.68
1328 6485.77 1326 6443.25 1366 3493.05 1288 7440.0
1329 8486.4 1327 5193.69 1367 3505.26 1289 8844.0
1330 4200.17 1328 6936.0 1368 4278.0 1290 10608.0
1329 4612.67 1369 4216.0 1291 8373.75
1332 2926.98 1292 3865.26
1333 6657.53 1331 3204.84 1293 4326.95
1334 6846.73 1332 8948.39 1294 3602.21
1335 7778.18 1333 5933.46 1295 3165.58
1336 7841.28 1334 9208.89 1296 4047.79
1337 8178.14 1335 7128.44 1297 3894.58
1338 6699.29 1336 10206.19 1298 5090.53
1339 7557.67 1337 6354.69 1299 4180.21
1340 6303.93 1338 7680.0 1370 7829.2 1300 3223.58
1341 6120.0 1339 6800.47 1371 8050.0 1301 4939.58
1342 8361.6 1340 7452.0 1372 7478.4 1302 4640.21
1343 8786.25 1341 7052.5 1373 6986.1 1303 3205.26
1344 2372.46 1342 10164.0 1374 8553.6 1304 4012.11
1345 5937.75 1343 3030.86 1375 7245.0 1305 3930.47
1346 8246.0 1344 7460.67 1376 7497.6 1306 3760.84
1347 8931.8 1345 7833.6 1377 6652.6 1307 4080.0
1348 8791.2 1346 7799.6 1378 6240.3 1308 3334.74
1349 3550.32 1347 8268.8 1379 7949.7 1309 3840.0
1350 37018.5 1348 3892.11 1380 8353.8 1310 4362.11
1351 7810.0 1349 38688.0 1381 7475.2 1311 3694.74
1352 8144.84 1350 6991.24 1382 7161.0 1312 3954.74
1353 7680.0 1351 8448.0 1383 7987.2 1313 4038.16
1354 6789.0 1352 9940.67 1384 8169.6 1314 3602.53
1355 6138.0 1353 7296.0 1385 8398.0 1315 3713.68
1356 7560.0 1354 7263.3 1386 6759.9 1316 4072.42
1357 6720.0 1355 8863.8 1387 7504.0 1317 4611.37
1356 8436.0 1388 7623.0 1318 4008.42
1359 7068.0 1389 5569.2 1319 4158.0
1360 6120.0 1358 6520.5 1390 4972.8 1320 2796.32
1361 4276.36 1359 7660.8 1391 5464.8 1321 2711.58
1362 10108.0 1360 6676.36 1392 6480.0 1322 4606.11
1363 5735.0 1361 8592.75 1393 7182.0 1323 4168.42
1364 4760.0 1362 4918.67 1394 8276.4 1324 4183.58
1365 9213.75 1363 5214.0 1395 8482.5 1325 3230.53
1366 7296.0 1364 10408.25 1396 6681.6 1326 3844.0
1367 4996.92 1365 5829.0 1397 6438.0 1327 3287.63
1368 8494.2 1366 5686.15 1398 9900.0 1328 3550.32
1369 5362.5 1367 9405.0 1399 6786.0 1329 5025.26
1368 4317.78 1400 8064.0 1330 4885.26
1371 7796.64 1409 6792.33 1339 8910.0
1372 8338.09 1370 5652.34 1410 4920.67 1340 6978.4
1373 7368.9 1371 7177.09 1411 4950.0 1341 6032.0
1374 9300.0 1372 6780.4 1412 6825.5 1342 6547.2
1375 2604.64 1373 9925.25 1413 5610.0 1343 7832.9
1376 6587.5 1374 3209.14 1414 5270.0 1344 7272.6
1377 8532.0 1375 5280.0 1415 6454.33 1345 9384.0
1378 6534.0 1376 6124.8 1416 6630.0 1346 7672.5
1379 8323.2 1377 8316.0 1417 5984.0 1347 7737.6
1380 4440.0 1378 7866.0 1418 5901.5 1348 6382.9
1381 39253.5 1379 3779.37 1419 6952.0 1349 7725.6
1382 8571.43 1380 36890.0 1420 6656.0 1350 7737.6
1383 9520.0 1381 6297.14 1421 7597.33 1351 8595.6
1384 8880.0 1382 7619.37 1422 5898.75 1352 8316.0
1385 6548.73 1383 8140.0 1423 5833.83 1353 6222.0
1386 7725.6 1384 6548.73 1424 7543.33 1354 8154.8
1387 7344.0 1385 8154.8 1425 6900.0 1355 6960.0
1388 6803.4 1386 8658.0 1426 6825.0 1356 7161.0
1387 6804.0 1427 6766.67 1357 9243.0
1390 5460.4 1428 5232.5 1358 5860.8
1391 5355.0 1389 7020.0 1429 5784.33 1359 5464.8
1392 5360.73 1390 8408.4 1430 4106.67 1360 4777.5
1393 9082.12 1391 6578.18 1431 6257.33 1361 6242.4
1394 6839.67 1392 7529.5 1432 5037.0 1362 8408.4
1395 3315.0 1393 4299.75 1433 5595.83 1363 8177.0
1396 6967.25 1394 4231.5 1434 4960.0 1364 6867.2
1397 6380.83 1395 10230.0 1435 6264.0 1365 7570.2
1398 5931.69 1396 5605.83 1436 5896.0 1366 8190.6
1399 8200.8 1397 5916.0 1437 7425.0 1367 6124.8
1400 4960.0 1398 6451.2 1438 6919.0 1368 7694.2
1399 4733.33 1439 8008.0 1369 7365.6
1402 3322.05
1403 8701.08 1401 3415.81
1404 6350.19 1402 8430.97
1405 9600.0 1403 7177.57
1406 5801.83 1404 7363.23
1407 7772.37 1405 7311.47
1408 6646.9 1406 7938.56
1409 10360.0 1407 8015.58
1410 7119.25 1408 8580.0 1370 6396.0
1411 6004.36 1409 6413.55 1371 5915.0
1412 6051.2 1410 5356.91 1372 5901.75
1413 10140.0 1411 8073.0 1373 7644.33
1414 2258.57 1412 10075.0 1374 8613.33
1415 6977.58 1413 2785.57 1375 5568.0
1416 8078.4 1414 7400.0 1376 6603.0
1417 6438.7 1415 6652.6 1377 5200.25
1418 8103.0 1416 7464.6 1440 11093.33 1378 6347.25
1419 4151.58 1417 9216.0 1441 7230.67 1379 7600.0
1420 34560.0 1418 5057.68 1442 9386.67 1380 5580.0
1421 7100.0 1419 31102.5 1443 7828.33 1381 7040.83
1422 7680.42 1420 7014.86 1444 7825.78 1382 6845.0
1423 10582.0 1421 8503.58 1445 7384.89 1383 7026.25
1424 5727.27 1422 9066.67 1446 8633.33 1384 6003.0
1425 7497.6 1423 8190.0 1447 8297.67 1385 6346.67
1426 7270.4 1424 8436.0 1448 9255.56 1386 6626.67
1427 7722.0 1425 8593.2 1449 7384.89 1387 7071.17
1426 6789.0 1450 6792.44 1388 7400.0
1429 7554.4 1451 6808.0 1389 5025.0
1430 4562.8 1428 7030.0 1452 10006.67 1390 3990.0
1431 5304.0 1429 4998.0 1453 7400.0 1391 5829.0
1432 9126.0 1430 4581.82 1454 7400.0 1392 4467.75
1433 5624.0 1431 7233.5 1455 6485.33 1393 6422.0
1434 3758.7 1432 5304.17 1456 6384.0 1394 6109.33
1435 10804.0 1433 2815.2 1457 9652.22 1395 7312.5
1436 6545.0 1434 7320.0 1458 9753.33 1396 6049.17
1437 5100.69 1435 6630.0 1459 9360.0 1397 7936.5
1438 6547.2 1436 5646.77 1460 10725.0 1398 5042.67
1439 4229.17 1437 7799.6 1461 11484.44 1399 6240.0
1438 3465.0 1462 9164.0 1400 8250.0
1441 9948.4 1473 6391.64 1417 7861.33
1442 4819.74 1440 9734.4 1474 6510.0 1418 7857.78
1443 41230.0 1441 3863.58 1475 6158.55 1419 7808.0
1444 7704.38 1442 40515.0 1476 7185.45 1420 10261.33
1445 6565.26 1443 6324.0 1477 7560.0 1421 8993.33
1446 8376.89 1444 10644.21 1478 6138.0 1422 6908.44
1447 7144.09 1445 6400.0 1479 5766.0 1423 10057.78
1448 6844.2 1446 7090.55 1480 7023.27 1424 10382.22
1449 6851.0 1447 6496.0 1481 8317.64 1425 7157.33
1450 8010.4 1448 9504.0 1482 7511.0 1426 8462.22
1449 8103.0 1483 4760.0 1427 8703.22
1452 7215.0 1484 5597.09 1428 7084.0
1453 6292.8 1451 7706.4 1485 6126.55 1429 6751.11
1454 4154.18 1452 7599.8 1486 5545.09 1430 7245.0
1455 7035.0 1453 7466.73 1487 6538.91 1431 6800.0
1456 5850.0 1454 8452.5 1488 5625.45 1432 8356.44
1457 3584.0 1455 7505.0 1489 5015.18 1433 10270.0
1458 9712.5 1456 3155.2 1490 6580.36 1434 8764.44
1459 7757.75 1457 9600.0 1491 7300.09 1435 8411.33
1460 6870.62 1458 6259.17 1492 8160.0 1436 8991.11
1461 7524.0 1459 5261.54 1493 7511.0 1437 8296.0
1462 5200.0 1460 7340.8 1494 7104.0 1438 8704.0
1461 3596.0 1495 6994.73 1439 8376.89
1464 6976.99 1502 4719.0
1465 8770.67 1463 6626.55 1503 3270.24
1466 7088.79 1464 8235.0 1504 3692.0
1467 8216.0 1465 5393.08 1505 3788.57
1468 8500.8 1466 7461.82 1506 4281.43
1469 10013.0 1467 6772.5 1507 3075.0
1470 3071.21 1468 12166.0 1508 3852.19
1471 7106.0 1469 2747.25 1509 4986.67
1472 8910.0 1470 7026.25 1510 3321.43
1473 7488.0 1471 7399.7 1511 3926.67
1474 7877.1 1472 7399.7 1512 2878.57 1440 5826.36
1475 3664.84 1473 7789.4 1513 3085.71 1441 8532.0
1476 32016.0 1474 4200.0 1514 3190.0 1442 6324.0
1477 6860.57 1475 47025.0 1515 3620.86 1443 6488.18
1478 8400.0 1476 7945.14 1516 4988.29 1444 5749.09
1479 9856.0 1477 7478.95 1517 3770.0 1445 7350.0
1480 8353.09 1478 8250.0 1518 3401.14 1446 6515.64
1481 8831.9 1479 8094.0 1519 2976.0 1447 6643.64
1482 6994.8 1480 6138.0 1520 4133.33 1448 7358.18
1483 6188.0 1481 7966.2 1521 3941.14 1449 6511.82
1482 7840.8 1522 2208.38 1450 8283.64
1485 7448.0 1523 3788.57 1451 6287.27
1486 5783.4 1484 6739.2 1524 2262.86 1452 5574.55
1487 5576.73 1485 5616.6 1525 2470.0 1453 6058.18
1488 6481.25 1486 7213.09 1526 4071.43 1454 5378.18
1489 4818.0 1487 8736.0 1527 4093.14 1455 5852.0
1490 3105.9 1488 4987.5 1528 3312.57 1456 7505.73
1491 7567.88 1489 3063.6 1529 3111.81 1457 7068.0
1492 5797.0 1490 8649.0 1530 3318.86 1458 6414.55
1493 5980.62 1491 7529.5 1531 3364.57 1459 6812.36
1494 8112.0 1492 6762.46 1532 3420.0 1460 7446.0
1495 4542.78 1493 8791.2 1533 4053.33 1461 6381.82
1494 5005.0 1534 3428.57 1462 8769.0
1497 4497.49 1535 4544.0
1498 9340.86 1496 3581.58 1536 4863.16
1499 8741.68 1497 10686.24 1537 3820.53
1500 9230.0 1498 5475.7 1538 3951.16
1501 8078.9 1499 8320.0 1539 3803.21
1502 8412.37 1500 6848.26 1540 3757.89
1503 6881.42 1501 7045.36 1541 4241.37 1463 4059.43
1504 7560.0 1502 6854.16 1542 4064.21 1464 3726.67
1505 7088.97 1503 6365.33 1543 4019.37 1465 3844.29
1506 7069.09 1504 6998.88 1544 3913.68 1466 3704.38
1507 7378.8 1505 5704.0 1545 4052.84 1467 3139.43
1508 8486.25 1506 7776.0 1546 2809.58 1468 4317.43
1509 2649.14 1507 10175.0 1469 2784.0
1510 7500.0 1508 3382.86 1547 4437.63 1470 3811.43
1511 8323.2 1509 6968.0 1548 3439.37 1471 3965.05
1512 6435.0 1510 8081.7 1549 4648.42 1472 4609.43
1513 8892.0 1511 8137.5 1550 4138.11 1473 3814.48
1514 3846.32 1512 6588.0 1551 4111.58 1474 4375.43
1515 34080.0 1513 4597.89 1552 3576.16 1475 3422.57
1516 7460.57 1514 42432.0 1553 4112.84 1476 3108.57
1517 7936.84 1515 8034.29 1554 4488.0 1477 3212.19
1518 7378.0 1516 6656.84 1555 4008.79 1478 2971.43
1519 6696.0 1517 9500.0 1556 4488.0 1479 3060.0
1520 5933.4 1518 8463.0 1557 4096.0 1480 4483.14
1521 9235.2 1519 7161.0 1558 3751.58 1481 3454.29
1522 5140.8 1520 9120.0 1559 4454.21 1482 4290.0
1521 7980.0 1560 2755.79 1483 3454.29
1524 5191.1 1561 4200.0 1484 3209.14
1525 5291.0 1523 6475.2 1562 3271.58 1485 2748.57
1526 4581.82 1524 6645.6 1563 3025.58 1486 3040.0
1527 8431.25 1525 5106.0 1564 3468.95 1487 2962.86
1528 6776.0 1526 7980.0 1565 3444.74 1488 3253.71
1529 3451.0 1527 4684.17 1566 3070.74 1489 2730.0
1530 11338.25 1528 2883.0 1567 3351.79 1490 3240.0
1531 6864.0 1529 7076.0 1568 4131.95 1491 4514.29
1532 5875.69 1530 6303.33 1569 3793.42 1492 4533.33
1533 9035.4 1531 6485.77 1570 3915.79 1493 3926.67
1534 4835.56 1532 7405.2 1571 4196.32 1494 4147.0
1533 3966.67 1572 4269.47 1495 3252.86
1536 3393.49 1496 4365.47
1537 9509.68 1535 4018.6 1497 3772.21
1538 6208.32 1536 9333.33 1498 4466.53
1539 8778.18 1537 5832.06 1499 4406.89
1540 6643.67 1538 7912.73 1500 3945.79
1541 9137.94 1539 6987.16 1501 3863.58
1542 6582.48 1540 6040.21 1502 4230.95
1543 8816.67 1541 8559.29 1503 3786.53
1544 6044.86 1542 7682.67 1504 3435.47
1545 7213.64 1543 8168.22 1505 3619.47
1546 7946.4 1544 5418.0 1506 4376.84
1545 8176.5 1507 3152.21
1548 6212.5 1509 3287.63
1549 5952.0 1547 5940.0 1510 4203.79
1550 9163.0 1548 6426.0 1511 4894.74
1551 6435.0 1549 6342.6 1512 4057.26
1552 4089.47 1550 7167.2 1513 4001.68
1553 41292.0 1551 3491.05 1514 3170.16
1554 6912.0 1552 38688.0 1515 4440.0
1555 6740.21 1553 7600.0 1516 4955.05
1556 8954.0 1554 6568.42 1517 3125.89
1557 7560.0 1555 7729.33 1518 4498.42
1558 8884.2 1556 7289.55 1519 3855.79
1559 6615.0 1557 10038.6 1520 3792.89
1560 5795.0 1558 9120.0 1521 5071.58
1559 6472.8 1522 3783.68
1562 6409.0 1523 3063.79
1563 6630.0 1561 6393.6 1524 3712.0
1564 5129.09 1562 8595.6 1525 3435.16
1565 7199.5 1563 6477.55 1526 2927.05
1566 5226.0 1564 8158.5 1527 3793.26
1567 3758.7 1565 4921.0 1528 3334.74
1568 8235.0 1566 3732.75 1529 4517.84
1569 4800.0 1567 10539.38 1530 4060.0
1570 5365.0 1568 5869.33 1531 3855.79
1571 6534.8 1569 6018.62 1532 3126.32
1572 3509.0 1570 7603.2 1533 3435.79
1571 3771.67 1534 4203.79